0101  (62,52)
0102  (62,156)
0103  (62,260)
0104  (62,364)
0105  (62,468)
0106  (62,572)
0107  (62,676)
0108  (62,780)
0109  (62,884)
0110  (62,988)
0111  (62,1092)
0112  (62,1196)
0113  (62,1300)
0114  (62,1404)
0115  (62,1508)
0116  (62,1612)
0117  (62,1716)
0118  (62,1820)
0119  (62,1924)
0120  (62,2028)

0201  (160,104)
0202  (160,208)
0203  (160,312)
0204  (160,416)
0205  (160,520)
0206  (160,624)
0207  (160,728)
0208  (160,832)
0209  (160,936)
0210  (160,1040)
0211  (160,1144)
0212  (160,1248)
0213  (160,1352)
0214  (160,1456)
0215  (160,1560)
0216  (160,1664)
0217  (160,1768)
0218  (160,1872)
0219  (160,1976)
0220  (160,2080)

0301  (258,52)
0302  (258,156)
0303  (258,260)
0304  (258,364)
0305  (258,468)
0306  (258,572)
0307  (258,676)
0308  (258,780)
0309  (258,884)
0310  (258,988)
0311  (258,1092)
0312  (258,1196)
0313  (258,1300)
0314  (258,1404)
0315  (258,1508)
0316  (258,1612)
0317  (258,1716)
0318  (258,1820)
0319  (258,1924)
0320  (258,2028)

0401  (358,104)
0402  (358,208)
0403  (358,312)
0404  (358,416)
0405  (358,520)
0406  (358,624)
0407  (358,728)
0408  (358,832)
0409  (358,936)
0410  (358,1040)
0411  (358,1144)
0412  (358,1248)
0413  (358,1352)
0414  (358,1456)
0415  (358,1560)
0416  (358,1664)
0417  (358,1768)
0418  (358,1872)
0419  (358,1976)
0420  (358,2080)

0501  (454,52)
0502  (454,156)
0503  (454,260)
0504  (454,364)
0505  (454,468)
0506  (454,572)
0507  (454,676)
0508  (454,780)
0509  (454,884)
0510  (454,988)
0511  (454,1092)
0512  (454,1196)
0513  (454,1300)
0514  (454,1404)
0515  (454,1508)
0516  (454,1612)
0517  (454,1716)
0518  (454,1820)
0519  (454,1924)
0520  (454,2028)

0601  (554,104)
0602  (554,208)
0603  (554,312)
0604  (554,416)
0605  (554,520)
0606  (554,624)
0607  (554,728)
0608  (554,832)
0609  (554,936)
0610  (554,1040)
0611  (554,1144)
0612  (554,1248)
0613  (554,1352)
0614  (554,1456)
0615  (554,1560)
0616  (554,1664)
0617  (554,1768)
0618  (554,1872)
0619  (554,1976)
0620  (554,2080)

0701  (650,52)
0702  (650,156)
0703  (650,260)
0704  (650,364)
0705  (650,468)
0706  (650,572)
0707  (650,676)
0708  (650,780)
0709  (650,884)
0710  (650,988)
0711  (650,1092)
0712  (650,1196)
0713  (650,1300)
0714  (650,1404)
0715  (650,1508)
0716  (650,1612)
0717  (650,1716)
0718  (650,1820)
0719  (650,1924)
0720  (650,2028)

0801  (750,104)
0802  (750,208)
0803  (750,312)
0804  (750,416)
0805  (750,520)
0806  (750,624)
0807  (750,728)
0808  (750,832)
0809  (750,936)
0810  (750,1040)
0811  (750,1144)
0812  (750,1248)
0813  (750,1352)
0814  (750,1456)
0815  (750,1560)
0816  (750,1664)
0817  (750,1768)
0818  (750,1872)
0819  (750,1976)
0820  (750,2080)

0901  (846,52)
0902  (846,156)
0903  (846,260)
0904  (846,364)
0905  (846,468)
0906  (846,572)
0907  (846,676)
0908  (846,780)
0909  (846,884)
0910  (846,988)
0911  (846,1092)
0912  (846,1196)
0913  (846,1300)
0914  (846,1404)
0915  (846,1508)
0916  (846,1612)
0917  (846,1716)
0918  (846,1820)
0919  (846,1924)
0920  (846,2028)

1001  (946,104)
1002  (946,208)
1003  (946,312)
1004  (946,416)
1005  (946,520)
1006  (946,624)
1007  (946,728)
1008  (946,832)
1009  (946,936)
1010  (946,1040)
1011  (946,1144)
1012  (946,1248)
1013  (946,1352)
1014  (946,1456)
1015  (946,1560)
1016  (946,1664)
1017  (946,1768)
1018  (946,1872)
1019  (946,1976)
1020  (946,2080)

1101  (1042,52)
1102  (1042,156)
1103  (1042,260)
1104  (1042,364)
1105  (1042,468)
1106  (1042,572)
1107  (1042,676)
1108  (1042,780)
1109  (1042,884)
1110  (1042,988)
1111  (1042,1092)
1112  (1042,1196)
1113  (1042,1300)
1114  (1042,1404)
1115  (1042,1508)
1116  (1042,1612)
1117  (1042,1716)
1118  (1042,1820)
1119  (1042,1924)
1120  (1042,2028)

1201  (1142,104)
1202  (1142,208)
1203  (1142,312)
1204  (1142,416)
1205  (1142,520)
1206  (1142,624)
1207  (1142,728)
1208  (1142,832)
1209  (1142,936)
1210  (1142,1040)
1211  (1142,1144)
1212  (1142,1248)
1213  (1142,1352)
1214  (1142,1456)
1215  (1142,1560)
1216  (1142,1664)
1217  (1142,1768)
1218  (1142,1872)
1219  (1142,1976)
1220  (1142,2080)

1301  (1238,52)
1302  (1238,156)
1303  (1238,260)
1304  (1238,364)
1305  (1238,468)
1306  (1238,572)
1307  (1238,676)
1308  (1238,780)
1309  (1238,884)
1310  (1238,988)
1311  (1238,1092)
1312  (1238,1196)
1313  (1238,1300)
1314  (1238,1404)
1315  (1238,1508)
1316  (1238,1612)
1317  (1238,1716)
1318  (1238,1820)
1319  (1238,1924)
1320  (1238,2028)

1401  (1338,104)
1402  (1338,208)
1403  (1338,312)
1404  (1338,416)
1405  (1338,520)
1406  (1338,624)
1407  (1338,728)
1408  (1338,832)
1409  (1338,936)
1410  (1338,1040)
1411  (1338,1144)
1412  (1338,1248)
1413  (1338,1352)
1414  (1338,1456)
1415  (1338,1560)
1416  (1338,1664)
1417  (1338,1768)
1418  (1338,1872)
1419  (1338,1976)
1420  (1338,2080)

1501  (1434,52)
1502  (1434,156)
1503  (1434,260)
1504  (1434,364)
1505  (1434,468)
1506  (1434,572)
1507  (1434,676)
1508  (1434,780)
1509  (1434,884)
1510  (1434,988)
1511  (1434,1092)
1512  (1434,1196)
1513  (1434,1300)
1514  (1434,1404)
1515  (1434,1508)
1516  (1434,1612)
1517  (1434,1716)
1518  (1434,1820)
1519  (1434,1924)
1520  (1434,2028)

1601  (1534,104)
1602  (1534,208)
1603  (1534,312)
1604  (1534,416)
1605  (1534,520)
1606  (1534,624)
1607  (1534,728)
1608  (1534,832)
1609  (1534,936)
1610  (1534,1040)
1611  (1534,1144)
1612  (1534,1248)
1613  (1534,1352)
1614  (1534,1456)
1615  (1534,1560)
1616  (1534,1664)
1617  (1534,1768)
1618  (1534,1872)
1619  (1534,1976)
1620  (1534,2080)

1701  (1630,52)
1702  (1630,156)
1703  (1630,260)
1704  (1630,364)
1705  (1630,468)
1706  (1630,572)
1707  (1630,676)
1708  (1630,780)
1709  (1630,884)
1710  (1630,988)
1711  (1630,1092)
1712  (1630,1196)
1713  (1630,1300)
1714  (1630,1404)
1715  (1630,1508)
1716  (1630,1612)
1717  (1630,1716)
1718  (1630,1820)
1719  (1630,1924)
1720  (1630,2028)

1801  (1730,104)
1802  (1730,208)
1803  (1730,312)
1804  (1730,416)
1805  (1730,520)
1806  (1730,624)
1807  (1730,728)
1808  (1730,832)
1809  (1730,936)
1810  (1730,1040)
1811  (1730,1144)
1812  (1730,1248)
1813  (1730,1352)
1814  (1730,1456)
1815  (1730,1560)
1816  (1730,1664)
1817  (1730,1768)
1818  (1730,1872)
1819  (1730,1976)
1820  (1730,2080)

1901  (1826,52)
1902  (1826,156)
1903  (1826,260)
1904  (1826,364)
1905  (1826,468)
1906  (1826,572)
1907  (1826,676)
1908  (1826,780)
1909  (1826,884)
1910  (1826,988)
1911  (1826,1092)
1912  (1826,1196)
1913  (1826,1300)
1914  (1826,1404)
1915  (1826,1508)
1916  (1826,1612)
1917  (1826,1716)
1918  (1826,1820)
1919  (1826,1924)
1920  (1826,2028)

2001  (1926,104)
2002  (1926,208)
2003  (1926,312)
2004  (1926,416)
2005  (1926,520)
2006  (1926,624)
2007  (1926,728)
2008  (1926,832)
2009  (1926,936)
2010  (1926,1040)
2011  (1926,1144)
2012  (1926,1248)
2013  (1926,1352)
2014  (1926,1456)
2015  (1926,1560)
2016  (1926,1664)
2017  (1926,1768)
2018  (1926,1872)
2019  (1926,1976)
2020  (1926,2080)

2101  (2022,52)
2102  (2022,156)
2103  (2022,260)
2104  (2022,364)
2105  (2022,468)
2106  (2022,572)
2107  (2022,676)
2108  (2022,780)
2109  (2022,884)
2110  (2022,988)
2111  (2022,1092)
2112  (2022,1196)
2113  (2022,1300)
2114  (2022,1404)
2115  (2022,1508)
2116  (2022,1612)
2117  (2022,1716)
2118  (2022,1820)
2119  (2022,1924)
2120  (2022,2028)

2201  (2122,104)
2202  (2122,208)
2203  (2122,312)
2204  (2122,416)
2205  (2122,520)
2206  (2122,624)
2207  (2122,728)
2208  (2122,832)
2209  (2122,936)
2210  (2122,1040)
2211  (2122,1144)
2212  (2122,1248)
2213  (2122,1352)
2214  (2122,1456)
2215  (2122,1560)
2216  (2122,1664)
2217  (2122,1768)
2218  (2122,1872)
2219  (2122,1976)
2220  (2122,2080)

2301  (2218,52)
2302  (2218,156)
2303  (2218,260)
2304  (2218,364)
2305  (2218,468)
2306  (2218,572)
2307  (2218,676)
2308  (2218,780)
2309  (2218,884)
2310  (2218,988)
2311  (2218,1092)
2312  (2218,1196)
2313  (2218,1300)
2314  (2218,1404)
2315  (2218,1508)
2316  (2218,1612)
2317  (2218,1716)
2318  (2218,1820)
2319  (2218,1924)
2320  (2218,2028)

2401  (2318,104)
2402  (2318,208)
2403  (2318,312)
2404  (2318,416)
2405  (2318,520)
2406  (2318,624)
2407  (2318,728)
2408  (2318,832)
2409  (2318,936)
2410  (2318,1040)
2411  (2318,1144)
2412  (2318,1248)
2413  (2318,1352)
2414  (2318,1456)
2415  (2318,1560)
2416  (2318,1664)
2417  (2318,1768)
2418  (2318,1872)
2419  (2318,1976)
2420  (2318,2080)

2501  (2414,52)
2502  (2414,156)
2503  (2414,260)
2504  (2414,364)
2505  (2414,468)
2506  (2414,572)
2507  (2414,676)
2508  (2414,780)
2509  (2414,884)
2510  (2414,988)
2511  (2414,1092)
2512  (2414,1196)
2513  (2414,1300)
2514  (2414,1404)
2515  (2414,1508)
2516  (2414,1612)
2517  (2414,1716)
2518  (2414,1820)
2519  (2414,1924)
2520  (2414,2028)

2601  (2514,104)
2602  (2514,208)
2603  (2514,312)
2604  (2514,416)
2605  (2514,520)
2606  (2514,624)
2607  (2514,728)
2608  (2514,832)
2609  (2514,936)
2610  (2514,1040)
2611  (2514,1144)
2612  (2514,1248)
2613  (2514,1352)
2614  (2514,1456)
2615  (2514,1560)
2616  (2514,1664)
2617  (2514,1768)
2618  (2514,1872)
2619  (2514,1976)
2620  (2514,2080)

2701  (2610,52)
2702  (2610,156)
2703  (2610,260)
2704  (2610,364)
2705  (2610,468)
2706  (2610,572)
2707  (2610,676)
2708  (2610,780)
2709  (2610,884)
2710  (2610,988)
2711  (2610,1092)
2712  (2610,1196)
2713  (2610,1300)
2714  (2610,1404)
2715  (2610,1508)
2716  (2610,1612)
2717  (2610,1716)
2718  (2610,1820)
2719  (2610,1924)
2720  (2610,2028)

2801  (2710,104)
2802  (2710,208)
2803  (2710,312)
2804  (2710,416)
2805  (2710,520)
2806  (2710,624)
2807  (2710,728)
2808  (2710,832)
2809  (2710,936)
2810  (2710,1040)
2811  (2710,1144)
2812  (2710,1248)
2813  (2710,1352)
2814  (2710,1456)
2815  (2710,1560)
2816  (2710,1664)
2817  (2710,1768)
2818  (2710,1872)
2819  (2710,1976)
2820  (2710,2080)

2901  (2806,52)
2902  (2806,156)
2903  (2806,260)
2904  (2806,364)
2905  (2806,468)
2906  (2806,572)
2907  (2806,676)
2908  (2806,780)
2909  (2806,884)
2910  (2806,988)
2911  (2806,1092)
2912  (2806,1196)
2913  (2806,1300)
2914  (2806,1404)
2915  (2806,1508)
2916  (2806,1612)
2917  (2806,1716)
2918  (2806,1820)
2919  (2806,1924)
2920  (2806,2028)

3001  (2906,104)
3002  (2906,208)
3003  (2906,312)
3004  (2906,416)
3005  (2906,520)
3006  (2906,624)
3007  (2906,728)
3008  (2906,832)
3009  (2906,936)
3010  (2906,1040)
3011  (2906,1144)
3012  (2906,1248)
3013  (2906,1352)
3014  (2906,1456)
3015  (2906,1560)
3016  (2906,1664)
3017  (2906,1768)
3018  (2906,1872)
3019  (2906,1976)
3020  (2906,2080)

3101  (3002,52)
3102  (3002,156)
3103  (3002,260)
3104  (3002,364)
3105  (3002,468)
3106  (3002,572)
3107  (3002,676)
3108  (3002,780)
3109  (3002,884)
3110  (3002,988)
3111  (3002,1092)
3112  (3002,1196)
3113  (3002,1300)
3114  (3002,1404)
3115  (3002,1508)
3116  (3002,1612)
3117  (3002,1716)
3118  (3002,1820)
3119  (3002,1924)
3120  (3002,2028)

3201  (3102,104)
3202  (3102,208)
3203  (3102,312)
3204  (3102,416)
3205  (3102,520)
3206  (3102,624)
3207  (3102,728)
3208  (3102,832)
3209  (3102,936)
3210  (3102,1040)
3211  (3102,1144)
3212  (3102,1248)
3213  (3102,1352)
3214  (3102,1456)
3215  (3102,1560)
3216  (3102,1664)
3217  (3102,1768)
3218  (3102,1872)
3219  (3102,1976)
3220  (3102,2080)

3301  (3198,52)
3302  (3198,156)
3303  (3198,260)
3304  (3198,364)
3305  (3198,468)
3306  (3198,572)
3307  (3198,676)
3308  (3198,780)
3309  (3198,884)
3310  (3198,988)
3311  (3198,1092)
3312  (3198,1196)
3313  (3198,1300)
3314  (3198,1404)
3315  (3198,1508)
3316  (3198,1612)
3317  (3198,1716)
3318  (3198,1820)
3319  (3198,1924)
3320  (3198,2028)

3401  (3298,104)
3402  (3298,208)
3403  (3298,312)
3404  (3298,416)
3405  (3298,520)
3406  (3298,624)
3407  (3298,728)
3408  (3298,832)
3409  (3298,936)
3410  (3298,1040)
3411  (3298,1144)
3412  (3298,1248)
3413  (3298,1352)
3414  (3298,1456)
3415  (3298,1560)
3416  (3298,1664)
3417  (3298,1768)
3418  (3298,1872)
3419  (3298,1976)
3420  (3298,2080)

3501  (3394,52)
3502  (3394,156)
3503  (3394,260)
3504  (3394,364)
3505  (3394,468)
3506  (3394,572)
3507  (3394,676)
3508  (3394,780)
3509  (3394,884)
3510  (3394,988)
3511  (3394,1092)
3512  (3394,1196)
3513  (3394,1300)
3514  (3394,1404)
3515  (3394,1508)
3516  (3394,1612)
3517  (3394,1716)
3518  (3394,1820)
3519  (3394,1924)
3520  (3394,2028)

3601  (3494,104)
3602  (3494,208)
3603  (3494,312)
3604  (3494,416)
3605  (3494,520)
3606  (3494,624)
3607  (3494,728)
3608  (3494,832)
3609  (3494,936)
3610  (3494,1040)
3611  (3494,1144)
3612  (3494,1248)
3613  (3494,1352)
3614  (3494,1456)
3615  (3494,1560)
3616  (3494,1664)
3617  (3494,1768)
3618  (3494,1872)
3619  (3494,1976)
3620  (3494,2080)

3701  (3590,52)
3702  (3590,156)
3703  (3590,260)
3704  (3590,364)
3705  (3590,468)
3706  (3590,572)
3707  (3590,676)
3708  (3590,780)
3709  (3590,884)
3710  (3590,988)
3711  (3590,1092)
3712  (3590,1196)
3713  (3590,1300)
3714  (3590,1404)
3715  (3590,1508)
3716  (3590,1612)
3717  (3590,1716)
3718  (3590,1820)
3719  (3590,1924)
3720  (3590,2028)

3801  (3690,104)
3802  (3690,208)
3803  (3690,312)
3804  (3690,416)
3805  (3690,520)
3806  (3690,624)
3807  (3690,728)
3808  (3690,832)
3809  (3690,936)
3810  (3690,1040)
3811  (3690,1144)
3812  (3690,1248)
3813  (3690,1352)
3814  (3690,1456)
3815  (3690,1560)
3816  (3690,1664)
3817  (3690,1768)
3818  (3690,1872)
3819  (3690,1976)
3820  (3690,2080)

3901  (3786,52)
3902  (3786,156)
3903  (3786,260)
3904  (3786,364)
3905  (3786,468)
3906  (3786,572)
3907  (3786,676)
3908  (3786,780)
3909  (3786,884)
3910  (3786,988)
3911  (3786,1092)
3912  (3786,1196)
3913  (3786,1300)
3914  (3786,1404)
3915  (3786,1508)
3916  (3786,1612)
3917  (3786,1716)
3918  (3786,1820)
3919  (3786,1924)
3920  (3786,2028)

4001  (3886,104)
4002  (3886,208)
4003  (3886,312)
4004  (3886,416)
4005  (3886,520)
4006  (3886,624)
4007  (3886,728)
4008  (3886,832)
4009  (3886,936)
4010  (3886,1040)
4011  (3886,1144)
4012  (3886,1248)
4013  (3886,1352)
4014  (3886,1456)
4015  (3886,1560)
4016  (3886,1664)
4017  (3886,1768)
4018  (3886,1872)
4019  (3886,1976)
4020  (3886,2080)

4101  (3982,52)
4102  (3982,156)
4103  (3982,260)
4104  (3982,364)
4105  (3982,468)
4106  (3982,572)
4107  (3982,676)
4108  (3982,780)
4109  (3982,884)
4110  (3982,988)
4111  (3982,1092)
4112  (3982,1196)
4113  (3982,1300)
4114  (3982,1404)
4115  (3982,1508)
4116  (3982,1612)
4117  (3982,1716)
4118  (3982,1820)
4119  (3982,1924)
4120  (3982,2028)

4201  (4082,104)
4202  (4082,208)
4203  (4082,312)
4204  (4082,416)
4205  (4082,520)
4206  (4082,624)
4207  (4082,728)
4208  (4082,832)
4209  (4082,936)
4210  (4082,1040)
4211  (4082,1144)
4212  (4082,1248)
4213  (4082,1352)
4214  (4082,1456)
4215  (4082,1560)
4216  (4082,1664)
4217  (4082,1768)
4218  (4082,1872)
4219  (4082,1976)
4220  (4082,2080)

4301  (4178,52)
4302  (4178,156)
4303  (4178,260)
4304  (4178,364)
4305  (4178,468)
4306  (4178,572)
4307  (4178,676)
4308  (4178,780)
4309  (4178,884)
4310  (4178,988)
4311  (4178,1092)
4312  (4178,1196)
4313  (4178,1300)
4314  (4178,1404)
4315  (4178,1508)
4316  (4178,1612)
4317  (4178,1716)
4318  (4178,1820)
4319  (4178,1924)
4320  (4178,2028)

4401  (4278,104)
4402  (4278,208)
4403  (4278,312)
4404  (4278,416)
4405  (4278,520)
4406  (4278,624)
4407  (4278,728)
4408  (4278,832)
4409  (4278,936)
4410  (4278,1040)
4411  (4278,1144)
4412  (4278,1248)
4413  (4278,1352)
4414  (4278,1456)
4415  (4278,1560)
4416  (4278,1664)
4417  (4278,1768)
4418  (4278,1872)
4419  (4278,1976)

4420  (4278,2080)


4501  (4374,52)
4502  (4374,156)
4503  (4374,260)
4504  (4374,364)
4505  (4374,468)
4506  (4374,572)
4507  (4374,676)
4508  (4374,780)
4509  (4374,884)
4510  (4374,988)
4511  (4374,1092)
4512  (4374,1196)
4513  (4374,1300)
4514  (4374,1404)
4515  (4374,1508)
4516  (4374,1612)
4517  (4374,1716)
4518  (4374,1820)
4519  (4374,1924)
4520  (4374,2028)

4601  (4474,104)
4602  (4474,208)
4603  (4474,312)
4604  (4474,416)
4605  (4474,520)
4606  (4474,624)
4607  (4474,728)
4608  (4474,832)
4609  (4474,936)
4610  (4474,1040)
4611  (4474,1144)
4612  (4474,1248)
4613  (4474,1352)
4614  (4474,1456)
4615  (4474,1560)
4616  (4474,1664)
4617  (4474,1768)
4618  (4474,1872)
4619  (4474,1976)
4620  (4474,2080)

4701  (4570,52)
4702  (4570,156)
4703  (4570,260)
4704  (4570,364)
4705  (4570,468)
4706  (4570,572)
4707  (4570,676)
4708  (4570,780)
4709  (4570,884)
4710  (4570,988)
4711  (4570,1092)
4712  (4570,1196)
4713  (4570,1300)
4714  (4570,1404)
4715  (4570,1508)
4716  (4570,1612)
4717  (4570,1716)
4718  (4570,1820)
4719  (4570,1924)
4720  (4570,2028)

4801  (4670,104)
4802  (4670,208)
4803  (4670,312)
4804  (4670,416)
4805  (4670,520)
4806  (4670,624)
4807  (4670,728)
4808  (4670,832)
4809  (4670,936)
4810  (4670,1040)
4811  (4670,1144)
4812  (4670,1248)
4813  (4670,1352)
4814  (4670,1456)
4815  (4670,1560)
4816  (4670,1664)
4817  (4670,1768)
4818  (4670,1872)
4819  (4670,1976)
4820  (4670,2080)

4901  (4766,52)
4902  (4766,156)
4903  (4766,260)
4904  (4766,364)
4905  (4766,468)
4906  (4766,572)
4907  (4766,676)
4908  (4766,780)
4909  (4766,884)
4910  (4766,988)
4911  (4766,1092)
4912  (4766,1196)
4913  (4766,1300)
4914  (4766,1404)
4915  (4766,1508)
4916  (4766,1612)
4917  (4766,1716)
4918  (4766,1820)
4919  (4766,1924)
4920  (4766,2028)

5001  (4866,104)
5002  (4866,208)
5003  (4866,312)
5004  (4866,416)
5005  (4866,520)
5006  (4866,624)
5007  (4866,728)
5008  (4866,832)
5009  (4866,936)
5010  (4866,1040)
5011  (4866,1144)
5012  (4866,1248)
5013  (4866,1352)
5014  (4866,1456)
5015  (4866,1560)
5016  (4866,1664)
5017  (4866,1768)
5018  (4866,1872)
5019  (4866,1976)
5020  (4866,2080)

5101  (4962,52)
5102  (4962,156)
5103  (4962,260)
5104  (4962,364)
5105  (4962,468)
5106  (4962,572)
5107  (4962,676)
5108  (4962,780)
5109  (4962,864)
5110  (4962,988)
5111  (4962,1092)
5112  (4962,1196)
5113  (4962,1300)
5114  (4962,1404)
5115  (4962,1508)
5116  (4962,1612)
5117  (4962,1716)
5118  (4962,1820)
5119  (4962,1924)
5120  (4962,2028)

5201  (5062,104)
5202  (5062,208)
5203  (5062,312)
5204  (5062,416)
5205  (5062,520)
5206  (5062,624)
5207  (5062,728)
5208  (5062,832)
5209  (5062,936)
5210  (5062,1040)
5211  (5062,1144)
5212  (5062,1248)
5213  (5062,1352)
5214  (5062,1456)
5215  (5062,1560)
5216  (5062,1664)
5217  (5062,1768)
5218  (5062,1872)
5219  (5062,1976)
5220  (5062,2080)

5301  (5158,52)
5302  (5158,156)
5303  (5158,260)
5304  (5158,364)
5305  (5158,468)
5306  (5158,572)
5307  (5158,676)
5308  (5158,780)
5309  (5158,884)
5310  (5158,988)
5311  (5158,1092)
5312  (5158,1196)
5313  (5158,1300)
5314  (5158,1404)
5315  (5158,1508)
5316  (5158,1612)
5317  (5158,1716)
5318  (5158,1820)
5319  (5158,1924)
5320  (5158,2028)

5401  (5258,104)
5402  (5258,208)
5403  (5258,312)
5404  (5258,416)
5405  (5258,520)
5406  (5258,624)
5407  (5258,728)
5408  (5258,832)
5409  (5258,936)
5410  (5258,1040)
5411  (5258,1144)
5412  (5258,1248)
5413  (5258,1352)
5414  (5258,1456)
5415  (5258,1560)
5416  (5258,1664)
5417  (5258,1768)
5418  (5258,1872)
5419  (5258,1976)
5420  (5258,2080)

5501  (5354,52)
5502  (5354,156)
5503  (5354,260)
5504  (5354,364)
5505  (5354,468)
5506  (5354,572)
5507  (5354,676)
5508  (5354,780)
5509  (5354,884)
5510  (5354,988)
5511  (5354,1092)
5512  (5354,1196)
5513  (5354,1300)
5514  (5354,1404)
5515  (5354,1508)
5516  (5354,1612)
5517  (5354,1716)
5518  (5354,1820)
5519  (5354,1924)
5520  (5354,2028)

5601  (5454,104)
5602  (5454,208)
5603  (5454,312)
5604  (5454,416)
5605  (5454,520)
5606  (5454,624)
5607  (5454,728)
5608  (5454,832)
5609  (5454,936)
5610  (5454,1040)
5611  (5454,1144)
5612  (5454,1248)
5613  (5454,1352)
5614  (5454,1456)
5615  (5454,1560)
5616  (5454,1664)
5617  (5454,1768)
5618  (5454,1872)
5619  (5454,1976)
5620  (5454,2080)

5701  (5550,52)
5702  (5550,156)
5703  (5550,260)
5704  (5550,364)
5705  (5550,468)
5706  (5550,572)
5707  (5550,676)
5708  (5550,780)
5709  (5550,884)
5710  (5550,988)
5711  (5550,1092)
5712  (5550,1196)
5713  (5550,1300)
5714  (5550,1404)
5715  (5550,1508)
5716  (5550,1612)
5717  (5550,1716)
5718  (5550,1820)
5719  (5550,1924)
5720  (5550,2028)

5801  (5650,104)
5802  (5650,208)
5803  (5650,312)
5804  (5650,416)
5805  (5650,520)
5806  (5650,624)
5807  (5650,728)
5808  (5650,832)
5809  (5650,936)
5810  (5650,1040)
5811  (5650,1144)
5812  (5650,1248)
5813  (5650,1352)
5814  (5650,1456)
5815  (5650,1560)
5816  (5650,1664)
5817  (5650,1768)
5818  (5650,1872)
5819  (5650,1976)
5820  (5650,2080)

5901  (5746,52)
5902  (5746,156)
5903  (5746,260)
5904  (5746,364)
5905  (5746,468)
5906  (5746,572)
5907  (5746,676)
5908  (5746,780)
5909  (5746,884)
5910  (5746,988)
5911  (5746,1092)
5912  (5746,1196)
5913  (5746,1300)
5914  (5746,1404)
5915  (5746,1508)
5916  (5746,1612)
5917  (5746,1716)
5918  (5746,1820)
5919  (5746,1924)
5920  (5746,2028)

6001  (5846,104)
6002  (5846,208)
6003  (5846,312)
6004  (5846,416)
6005  (5846,520)
6006  (5846,624)
6007  (5846,728)
6008  (5846,832)
6009  (5846,936)
6010  (5846,1040)
6011  (5846,1144)
6012  (5846,1248)
6013  (5846,1352)
6014  (5846,1456)
6015  (5846,1560)
6016  (5846,1664)
6017  (5846,1768)
6018  (5846,1872)
6019  (5846,1976)
6020  (5846,2080)

6101  (5942,52)
6102  (5942,156)
6103  (5942,260)
6104  (5942,364)
6105  (5942,468)
6106  (5942,572)
6107  (5942,676)
6108  (5942,780)
6109  (5942,884)
6110  (5942,988)
6111  (5942,1092)
6112  (5942,1196)
6113  (5942,1300)
6114  (5942,1404)
6115  (5942,1508)
6116  (5942,1612)
6117  (5942,1716)
6118  (5942,1820)
6119  (5942,1924)
6120  (5942,2028)

6201  (6042,104)
6202  (6042,208)
6203  (6042,312)
6204  (6042,416)
6205  (6042,520)
6206  (6042,624)
6207  (6042,728)
6208  (6042,832)
6209  (6042,936)
6210  (6042,1040)
6211  (6042,1144)
6212  (6042,1248)
6213  (6042,1352)
6214  (6042,1456)
6215  (6042,1560)
6216  (6042,1664)
6217  (6042,1768)
6218  (6042,1872)
6219  (6042,1976)
6220  (6042,2080)

6301  (6138,52)
6302  (6138,156)
6303  (6138,260)
6304  (6138,364)
6305  (6138,468)
6306  (6138,572)
6307  (6138,676)
6308  (6138,780)
6309  (6138,884)
6310  (6138,988)
6311  (6138,1092)
6312  (6138,1196)
6313  (6138,1300)
6314  (6138,1404)
6315  (6138,1508)
6316  (6138,1612)
6317  (6138,1716)
6318  (6138,1820)
6319  (6138,1924)
6320  (6138,2028)

6401  (6238,104)
6402  (6238,208)
6403  (6238,312)
6404  (6238,416)
6405  (6238,520)
6406  (6238,624)
6407  (6238,728)
6408  (6238,832)
6409  (6238,936)
6410  (6238,1040)
6411  (6238,1144)
6412  (6238,1248)
6413  (6238,1352)
6414  (6238,1456)
6415  (6238,1560)
6416  (6238,1664)
6417  (6238,1768)
6418  (6238,1872)
6419  (6238,1976)
6420  (6238,2080)

6501  (6334,52)
6502  (6334,156)
6503  (6334,260)
6504  (6334,364)
6505  (6334,468)
6506  (6334,572)
6507  (6334,676)
6508  (6334,780)
6509  (6334,884)
6510  (6334,988)
6511  (6334,1092)
6512  (6334,1196)
6513  (6334,1300)
6514  (6334,1404)
6515  (6334,1508)
6516  (6334,1612)
6517  (6334,1716)
6518  (6334,1820)
6519  (6334,1924)
6520  (6334,2028)
